image_width: 140
image_height: 240
camera_name: narrow_stereo/right
camera_matrix:
  rows: 3
  cols: 3
  data: [187.586585, 0.000000, 144.192574, 0.000000, 191.303953, 143.420429, 0.000000, 0.000000, 1.000000]
distortion_model: plumb_bob
distortion_coefficients:
  rows: 1
  cols: 5
  data: [-0.344778, 0.081144, -0.017457, -0.016508, 0.000000]
rectification_matrix:
  rows: 3
  cols: 3
  data: [0.979292, 0.006848, -0.202336, -0.001140, 0.999598, 0.028314, 0.202449, -0.027497, 0.978907]
projection_matrix:
  rows: 3
  cols: 4
  data: [161.275008, 0.000000, 198.348282, -16.055604, 0.000000, 161.275008, 158.788950, 0.000000, 0.000000, 0.000000, 1.000000, 0.000000]
